0.860427 0.221812 -0.458765
0.130172 0.130172 0.130172
0.890169 -0.445102 0.0973797
0.0598892 0.0598892 0.0598892
0.722815 0.533627 0.439068
0.101266 0.101266 0.101266
0.979421 -0.0516683 -0.1951
0.168426 0.168426 0.168426
0.981338 0.0766479 0.176353
0.154593 0.154593 0.154593
0.624292 -0.547487 0.557241
0.0955984 0.0955984 0.0955984
0.740571 0.344235 -0.57711
0.13476 0.13476 0.13476
0.968459 -0.215652 -0.124822
0.0806711 0.0806711 0.0806711
0.893946 0.319498 0.314295
0.113932 0.113932 0.113932
0.823383 -0.279838 -0.493692
0.0641543 0.0641543 0.0641543
0.730754 0.676504 -0.0913299
0.10767 0.10767 0.10767
0.895069 0.0104716 0.445804
0.215332 0.215332 0.215332
0.897837 0.14553 -0.415583
0.135224 0.135224 0.135224
0.820977 -0.570851 0.0112403
0.0833318 0.0833318 0.0833318
-0.725149 0.434792 -0.533962
0.150188 0.150188 0.150188
-0.713294 -0.0891757 0.695169
0.137399 0.137399 0.137399
-0.962432 0.212393 0.169159
0.0999173 0.0999173 0.0999173
-0.864637 -0.46611 -0.187468
0.0640479 0.0640479 0.0640479
-0.750405 0.501232 0.430882
0.103484 0.103484 0.103484
-0.992677 -0.08145 -0.0892053
0.168677 0.168677 0.168677
-0.880147 0.0429587 -0.472753
0.211941 0.211941 0.211941
-0.680963 -0.649056 0.339138
0.101691 0.101691 0.101691
-0.900714 0.383489 -0.204086
0.129983 0.129983 0.129983
-0.758702 -0.197099 -0.620905
0.172862 0.172862 0.172862
-0.746428 0.239076 0.621037
0.105106 0.105106 0.105106
-0.922192 -0.349442 0.165688
0.0727943 0.0727943 0.0727943
-0.733784 0.60765 -0.303847
0.124075 0.124075 0.124075
-0.897153 -0.0122833 0.44155
0.167702 0.167702 0.167702
-0.0930503 0.99233 -0.0813827
0.18072 0.18072 0.18072
-0.455421 0.710879 0.53595
0.250573 0.250573 0.250573
0.105205 0.883174 -0.457094
0.20746 0.20746 0.20746
-0.181664 0.949005 0.257659
0.185752 0.185752 0.185752
-0.673522 0.715427 -0.185829
0.171244 0.171244 0.171244
0.480349 0.780782 0.399556
0.109574 0.109574 0.109574
0.0997178 0.785591 -0.610659
0.218457 0.218457 0.218457
-0.336309 0.935765 0.106023
0.190969 0.190969 0.190969
0.42092 0.905546 -0.0530416
0.215136 0.215136 0.215136
-0.0396976 0.781436 0.622722
0.113173 0.113173 0.113173
-0.357601 0.839831 -0.408417
0.189777 0.189777 0.189777
0.293522 0.916416 0.272079
0.203555 0.203555 0.203555
-0.178501 0.923063 -0.340722
0.204612 0.204612 0.204612
-0.483957 0.812387 0.325288
0.133871 0.133871 0.133871
0.53996 0.601012 -0.589261
0.0666201 0.0666201 0.0666201
0.182349 0.982866 0.0268945
0.185163 0.185163 0.185163
-0.281476 0.948068 -0.148117
0.187961 0.187961 0.187961
0.336362 0.793666 0.506907
0.127549 0.127549 0.127549
-0.0133004 0.850162 -0.526353
0.196608 0.196608 0.196608
-0.400114 0.898462 0.180763
0.204622 0.204622 0.204622
0.422861 -0.845756 0.325401
0.275871 0.275871 0.275871
-0.270237 -0.892597 -0.360892
0.0730386 0.0730386 0.0730386
-0.511579 -0.680316 0.52484
0.137318 0.137318 0.137318
0.643984 -0.763258 0.0521609
0.261035 0.261035 0.261035
0.338464 -0.916946 0.21131
0.278658 0.278658 0.278658
-0.351281 -0.70529 -0.615765
0.0975925 0.0975925 0.0975925
0.485016 -0.764109 0.425319
0.313559 0.313559 0.313559
-0.136712 -0.985731 -0.0982073
0.161694 0.161694 0.161694
-0.441481 -0.813057 0.379517
0.159441 0.159441 0.159441
0.247399 -0.945357 -0.212354
0.128552 0.128552 0.128552
-0.0217182 -0.740819 0.671353
0.190059 0.190059 0.190059
-0.69323 -0.712704 0.10717
0.140039 0.140039 0.140039
0.603919 -0.761611 0.235013
0.318278 0.318278 0.318278
-0.0972708 -0.84397 -0.527498
0.0636084 0.0636084 0.0636084
-0.200007 -0.819162 0.537559
0.167508 0.167508 0.167508
0.511755 -0.859105 -0.00672856
0.203492 0.203492 0.203492
0.187373 -0.913751 0.360486
0.268947 0.268947 0.268947
-0.466013 -0.828438 -0.310681
0.0781337 0.0781337 0.0781337
0.194199 0.606715 -0.770833
0.192271 0.192271 0.192271
-0.21814 0.096713 -0.971114
0.182018 0.182018 0.182018
-0.634107 0.195765 -0.748054
0.317992 0.317992 0.317992
0.562893 -0.535878 -0.629274
0.072425 0.072425 0.072425
0.0287166 0.500284 -0.865385
0.234664 0.234664 0.234664
-0.355329 -0.0583257 -0.93292
0.172309 0.172309 0.172309
0.333448 0.417639 -0.845216
0.205836 0.205836 0.205836
0.0364931 -0.174894 -0.983911
0.093259 0.093259 0.093259
-0.482174 0.595156 -0.642882
0.302213 0.302213 0.302213
0.108829 0.179485 -0.977723
0.169903 0.169903 0.169903
-0.349582 0.304554 -0.886025
0.293823 0.293823 0.293823
-0.595906 -0.39682 -0.698162
0.066098 0.066098 0.066098
0.50994 0.48068 -0.713378
0.167935 0.167935 0.167935
0.167457 0.0230809 -0.985609
0.153737 0.153737 0.153737
-0.439423 0.319701 -0.839463
0.311064 0.311064 0.311064
0.424788 -0.368287 -0.826994
0.0614051 0.0614051 0.0614051
-0.189134 0.578191 -0.793677
0.260696 0.260696 0.260696
-0.542223 0.0507643 -0.8387
0.244374 0.244374 0.244374
0.113627 0.215909 -0.96978
0.179984 0.179984 0.179984
-0.280787 -0.676 0.681309
0.252485 0.252485 0.252485
-0.663774 0.217979 0.715464
0.158271 0.158271 0.158271
0.516082 -0.387834 0.763704
0.126287 0.126287 0.126287
0.0383461 0.184134 0.982153
0.104725 0.104725 0.104725
-0.428707 -0.472328 0.770141
0.235017 0.235017 0.235017
0.456723 0.543392 0.704364
0.094644 0.094644 0.094644
-0.0458001 -0.209849 0.976661
0.133413 0.133413 0.133413
-0.477096 -0.0188944 0.878648
0.161003 0.161003 0.161003
0.228705 -0.631163 0.741166
0.163791 0.163791 0.163791
-0.159124 0.394213 0.905139
0.108633 0.108633 0.108633
-0.600228 -0.302291 0.740504
0.284198 0.284198 0.284198
0.685341 0.115148 0.719061
0.101266 0.101266 0.101266
0.0851909 -0.537478 0.838964
0.163244 0.163244 0.163244
-0.268639 0.563178 0.78145
0.113186 0.113186 0.113186
0.427627 -0.209546 0.879333
0.113186 0.113186 0.113186
